0.0000 0.0000 0.0006 0.0125 0.3204 0.3269
0.1000 0.0995 0.0115 0.0168 0.2915 0.2964
0.2000 0.1961 0.0237 0.0265 0.2654 0.2701
0.3000 0.2873 0.0358 0.0376 0.2424 0.2468
0.4000 0.3714 0.0478 0.0492 0.2221 0.2264
0.5000 0.4472 0.0599 0.0610 0.2045 0.2086
0.6000 0.5145 0.0719 0.0728 0.1891 0.1931
0.7000 0.5735 0.0839 0.0847 0.1757 0.1797
0.8000 0.6247 0.0959 0.0966 0.1641 0.1681
0.9000 0.6690 0.1079 0.1085 0.1540 0.1581
1.0000 0.7071 0.1198 0.1205 0.1452 0.1494
1.1000 0.7399 0.1318 0.1324 0.1376 0.1420
1.2000 0.7682 0.1438 0.1443 0.1309 0.1355
1.3000 0.7926 0.1557 0.1562 0.1251 0.1299
1.4000 0.8137 0.1677 0.1682 0.1200 0.1251
1.5000 0.8321 0.1796 0.1801 0.1156 0.1209
1.6000 0.8480 0.1915 0.1920 0.1117 0.1174
1.7000 0.8619 0.2035 0.2040 0.1082 0.1143
1.8000 0.8742 0.2154 0.2159 0.1052 0.1117
1.9000 0.8849 0.2273 0.2278 0.1026 0.1095
2.0000 0.8944 0.2393 0.2397 0.1003 0.1077
2.1000 0.9029 0.2512 0.2516 0.0982 0.1062
2.2000 0.9104 0.2631 0.2636 0.0964 0.1049
2.3000 0.9171 0.2750 0.2755 0.0949 0.1039
2.4000 0.9231 0.2870 0.2874 0.0935 0.1032
2.5000 0.9285 0.2989 0.2993 0.0924 0.1026
2.6000 0.9333 0.3108 0.3112 0.0914 0.1022
2.7000 0.9377 0.3227 0.3231 0.0905 0.1020
2.8000 0.9417 0.3346 0.3350 0.0898 0.1020
2.9000 0.9454 0.3465 0.3469 0.0892 0.1021
3.0000 0.9487 0.3584 0.3588 0.0887 0.1023
3.1000 0.9517 0.3703 0.3707 0.0883 0.1027
3.2000 0.9545 0.3821 0.3826 0.0880 0.1031
3.3000 0.9570 0.3940 0.3944 0.0878 0.1037
3.4000 0.9594 0.4058 0.4062 0.0876 0.1044
0.0000 0.0000 0.0006 0.0125 0.3204 0.3269
0.1000 0.0995 0.0115 0.0168 0.2915 0.2964
0.2000 0.1961 0.0237 0.0265 0.2654 0.2701
0.3000 0.2873 0.0358 0.0376 0.2424 0.2468
0.4000 0.3714 0.0478 0.0492 0.2221 0.2264
0.5000 0.4472 0.0599 0.0610 0.2045 0.2086
0.6000 0.5145 0.0719 0.0728 0.1891 0.1931
0.7000 0.5735 0.0839 0.0847 0.1757 0.1797
0.8000 0.6247 0.0959 0.0966 0.1641 0.1681
0.9000 0.6690 0.1079 0.1085 0.1540 0.1581
1.0000 0.7071 0.1198 0.1205 0.1452 0.1494
1.1000 0.7399 0.1318 0.1324 0.1376 0.1420
1.2000 0.7682 0.1438 0.1443 0.1309 0.1355
1.3000 0.7926 0.1557 0.1562 0.1251 0.1299
1.4000 0.8137 0.1677 0.1682 0.1200 0.1251
1.5000 0.8321 0.1796 0.1801 0.1156 0.1209
1.6000 0.8480 0.1915 0.1920 0.1117 0.1174
1.7000 0.8619 0.2035 0.2040 0.1082 0.1143
1.8000 0.8742 0.2154 0.2159 0.1052 0.1117
1.9000 0.8849 0.2273 0.2278 0.1026 0.1095
2.0000 0.8944 0.2393 0.2397 0.1003 0.1077
2.1000 0.9029 0.2512 0.2516 0.0982 0.1062
2.2000 0.9104 0.2631 0.2636 0.0964 0.1049
2.3000 0.9171 0.2750 0.2755 0.0949 0.1039
2.4000 0.9231 0.2870 0.2874 0.0935 0.1032
2.5000 0.9285 0.2989 0.2993 0.0924 0.1026
2.6000 0.9333 0.3108 0.3112 0.0914 0.1022
2.7000 0.9377 0.3227 0.3231 0.0905 0.1020
2.8000 0.9417 0.3346 0.3350 0.0898 0.1020
2.9000 0.9454 0.3465 0.3469 0.0892 0.1021
3.0000 0.9487 0.3584 0.3588 0.0887 0.1023
3.1000 0.9517 0.3703 0.3707 0.0883 0.1027
3.2000 0.9545 0.3821 0.3826 0.0880 0.1031
3.3000 0.9570 0.3940 0.3944 0.0878 0.1037
3.4000 0.9594 0.4058 0.4062 0.0876 0.1044
0.0000 0.0000 0.0006 0.0125 0.3204 0.3269
0.1000 0.0995 0.0115 0.0168 0.2915 0.2964
0.2000 0.1961 0.0237 0.0265 0.2654 0.2701
0.3000 0.2873 0.0358 0.0376 0.2424 0.2468
0.4000 0.3714 0.0478 0.0492 0.2221 0.2264
0.5000 0.4472 0.0599 0.0610 0.2045 0.2086
0.6000 0.5145 0.0719 0.0728 0.1891 0.1931
0.7000 0.5735 0.0839 0.0847 0.1757 0.1797
0.8000 0.6247 0.0959 0.0966 0.1641 0.1681
0.9000 0.6690 0.1079 0.1085 0.1540 0.1581
1.0000 0.7071 0.1198 0.1205 0.1452 0.1494
0.0000 0.0000 0.0006 0.0125 0.3204 0.3269
0.1000 0.0995 0.0115 0.0168 0.2915 0.2964
0.2000 0.1961 0.0237 0.0265 0.2654 0.2701
0.3000 0.2873 0.0358 0.0376 0.2424 0.2468
0.4000 0.3714 0.0478 0.0492 0.2221 0.2264
0.5000 0.4472 0.0599 0.0610 0.2045 0.2086
0.6000 0.5145 0.0719 0.0728 0.1891 0.1931
0.7000 0.5735 0.0839 0.0847 0.1757 0.1797
0.8000 0.6247 0.0959 0.0966 0.1641 0.1681
0.9000 0.6690 0.1079 0.1085 0.1540 0.1581
1.0000 0.7071 0.1198 0.1205 0.1452 0.1494
0.0000 0.0000 0.0006 0.0125 0.3204 0.3269
0.1000 0.0995 0.0115 0.0168 0.2915 0.2964
0.2000 0.1961 0.0237 0.0265 0.2654 0.2701
0.3000 0.2873 0.0358 0.0376 0.2424 0.2468
0.4000 0.3714 0.0478 0.0492 0.2221 0.2264
0.5000 0.4472 0.0599 0.0610 0.2045 0.2086
0.6000 0.5145 0.0719 0.0728 0.1891 0.1931
0.7000 0.5735 0.0839 0.0847 0.1757 0.1797
0.8000 0.6247 0.0959 0.0966 0.1641 0.1681
0.9000 0.6690 0.1079 0.1085 0.1540 0.1581
1.0000 0.7071 0.1198 0.1205 0.1452 0.1494
